198073868 2620343626 3421
198073869 1493797105 65362
198073870 3652172431 226
198073871 1855380516 23404
198073872 3105938401 343
198073873 3215329636 548
198073874 806793902 21414
198073875 2869535677 386
198073876 1591018212 18670
198073877 706236652 28017
198073878 4012776838 807
198073879 1173914294 1666
198073880 2571845443 204
198073881 154177869 7826
198073882 458407690 10735
198073883 154522581 6331
198073884 3269339920 12742
198073885 2593881880 7601
198073886 2902120577 2600
198073887 2589619126 4209
198073888 2696341410 1902
198073889 94179568 335
198073890 85778715 23908
198073891 1940335007 281
198073892 40110510 269
198073893 1641340375 681
198073894 1756295544 17788
198073895 330950210 1594
198073896 520529924 629
198073897 3770398801 230984
198073898 1923884944 822
198073899 3449263646 12162
198073900 2486895239 7589
198073901 3600363257 171
198073902 1127546656 20349
198073903 2138507586 1009
198073904 3590950905 108615
198073905 260127960 4166
198073906 3107182736 140871
198073907 1028010349 590
198073908 4115263307 19977
198073909 3596499000 16050
198073910 1843434089 10339
198073911 147875664 2173
198073912 720295123 255
198073913 453355066 1206
198073914 1090625141 88836
198073915 4086545478 7591
198073916 2773521156 4809
198073917 2995661510 2322
198073918 549591787 57748
198073919 119818719 134
198073920 30927725 7265
198073921 2333206003 456
198073922 2689788933 9574
198073923 3986242020 8155
198073924 509091672 265
198073925 2759193628 59743
198073926 765021670 52331
198073927 927247872 3311
198073928 62746261 960
198073929 1981468334 11182
198073930 4237450420 267
198073931 2861940857 5234
198073932 1320517719 629
198073933 1086203172 30514
198073934 1802389733 3820
198073935 1070008120 24673
198073936 504872477 895
198073937 2474478 27067
198073938 240828160 3889
198073939 515394680 1254
198073940 2430013928 777
198073941 3517288526 599
198073942 3353230967 381
198073943 327713593 10961
198073944 963853566 15960
198073945 2462813869 4195
198073946 1861874871 135
198073947 2680881756 2291
198073948 193820633 356
198073949 1305479683 4902
198073950 3055816655 120
198073951 940608570 13471
198073952 649585194 78212
198073953 2452876787 5003
198073954 931865390 3028
198073955 185959093 12722
198073956 3062533099 133654
198073957 3354063550 570
198073958 330950210 1594
198073959 25723018 1547
198073960 2890157902 856
198073961 2253420174 24260
198073962 31115040 168
198073963 712503709 14942
198073964 3594007825 435
198073965 489648898 1811
198073966 2484855295 855
198073967 1815193419 6115
198073968 266678577 1063
198073969 2170996556 160
198073970 2966867634 933
198073971 3800699148 3178623
198073972 330950210 1594
198073973 1009029256 229
198073974 2880703489 15719
198073975 3463374148 4517
198073976 4102071432 6239
198073977 109533023 19359
198073978 151295699 885
198073979 2067329697 1299
198073980 3472510906 12137
198073981 2248058454 12932
198073982 1426014399 6111
198073983 1466431072 1037
198073984 304776712 6832
198073985 291939780 2936
198073986 4147026834 1014
198073987 123043527 16795
198073988 3935661498 188
198073989 245447418 1601
198073990 3141860601 25176
198073991 3239858912 3952
198073992 3137416645 112
198073993 2478063822 2039
198073994 962216870 5075
198073995 3177238512 90201
198073996 1645011039 13730
198073997 515394680 1254
198073998 2536152305 19287
198073999 1477612948 1889
198074000 1861201423 6972
198074001 330950210 1594
198074002 330950210 1594
198074003 3378628072 4176
198074004 1760132808 5531
198074005 395364487 25340
198074006 1172283888 269
198074007 330950210 1594
198074008 330950210 1594
198074009 3163037140 5631
198074010 1974733896 6896
198074011 1833482515 2380
198074012 3751303870 233
198074013 3886074041 15120
198074014 3606798224 508
198074015 2637920423 259
198074016 3734225081 175512
198074017 2296898447 14115
198074018 1452398012 69337
198074019 1553141262 17292
198074020 2206471393 15556
198074021 3086187093 4421
198074022 377210049 585
198074023 3695780990 141
198074024 330950210 1594
198074025 4258378098 2925
198074026 4060594775 148
198074027 1760304306 11033
198074028 814303565 38334
198074029 157040248 2577
198074030 3144569617 5174
198074031 2267307610 1927
198074032 1029386760 11100
198074033 2391082965 1132326
198074034 3627122838 33704
198074035 581362777 1094
198074036 434095174 1135
198074037 888192026 3246
198074038 2414048436 6804
198074039 2355347874 981
198074040 94179568 335
198074041 504872477 895
198074042 3322931052 666
198074043 2349732248 368
198074044 2011098605 409
198074045 411770141 26070
198074046 1524706033 5233
198074047 1471460330 1336
198074048 3718629093 266
198074049 2220456844 11648
198074050 3452460485 1684
198074051 2646073750 15814
198074052 1356757520 8908
198074053 3459005892 81223
198074054 470383890 275
198074055 3284237430 4050
198074056 1472140837 10101
198074057 2214087139 209
198074058 492429195 24562
198074059 1519523713 4329
198074060 3234507383 114
198074061 1666029134 2151
198074062 2420175891 3745
198074063 3229319567 9363
198074064 618543556 2874
198074065 3229319567 9363
198074066 741415446 10820
198074067 626076480 874
198074068 1466431072 1037
198074069 1861874871 135
198074070 1404668598 14534
198074071 1989906117 32477
198074072 3288439232 16111
198074073 733271619 7837
198074074 199251888 25470
198074075 2890157902 856
198074076 3735314031 151
198074077 1156804566 13677
198074078 963649492 113147
198074079 889280119 359
198074080 4229420102 3985
198074081 504872477 895
198074082 1778345875 1983249
198074083 3900724793 14351
198074084 3353230967 381
198074085 3188797116 145
198074086 3229319567 9363
198074087 3400628679 14327
198074088 2009446265 345
198074089 2280865860 14324
198074090 2569513628 210127
198074091 2900994339 14585
198074092 3979593856 263
198074093 534582548 2953
198074094 1426014399 6111
198074095 2686619743 39384
198074096 1920919143 187
198074097 330950210 1594
198074098 3067540813 2226
198074099 946088562 10467
198074100 589375114 152434
198074101 2183777047 606
198074102 2492000460 20522
198074103 4197078432 3034
198074104 2431798391 25970
198074105 4187384041 7820
198074106 3959846959 39171
198074107 2581256130 13062
198074108 1224994296 120
198074109 361260724 13858
198074110 1992014585 429
198074111 929565803 14407
198074112 1321430234 23246
198074113 629829426 791
198074114 577434294 1434
198074115 862136080 13391
198074116 94179568 335
198074117 3612785736 2856
198074118 413899985 762
198074119 3979593856 263
198074120 4012776838 807
198074121 1788001591 21547
198074122 1320517719 629
198074123 803872765 8054
198074124 263483312 375
198074125 3057901298 21492
198074126 875915580 99038
198074127 2956823640 764
198074128 2267307610 1927
198074129 1469188346 15391
198074130 4012776838 807
198074131 2452876787 5003
198074132 1753561845 769
198074133 2876990296 1613
198074134 539414988 11447
198074135 170365308 149
198074136 1547540946 29550
198074137 1702528545 68766
198074138 3905826217 103011
198074139 3515785700 17192
198074140 2620343626 3421
198074141 391315452 1075
198074142 1311852601 4836
198074143 626076480 874
198074144 19710776 6975
198074145 2188745339 1581
198074146 988101815 43360
198074147 3556736166 6439
198074148 3054763507 12647
198074149 94179568 335
198074150 3221536916 7134
198074151 3700285104 4423
198074152 2885522722 13662
198074153 998530579 58244
198074154 657274421 288
198074155 1180727719 228
198074156 3696706805 385
198074157 499173589 342
198074158 1512224777 787
198074159 33680345 6647
198074160 94179568 335
198074161 2808293677 528
198074162 2347832371 180881
198074163 962039970 1634
198074164 489648898 1811
198074165 2808293677 528
198074166 1000539448 2063
198074167 3276157503 2842
198074168 342707265 27162
198074169 4060594775 148
198074170 3086756940 563
198074171 4018455140 8969
198074172 3390834455 15863
198074173 1310973428 6035
198074174 3974070942 653
198074175 376425889 8397
198074176 2220481958 11871
198074177 4173285449 1907
198074178 272364590 10660
198074179 3070134188 24695
198074180 954400713 2634
198074181 1562691745 6896
198074182 3900724793 14351
198074183 307423167 28568
198074184 1826454447 15348
198074185 1923091118 947
198074186 2357211563 4839
198074187 40110510 269
198074188 334645172 122
198074189 330950210 1594
198074190 270432478 12250
198074191 2620343626 3421
198074192 4111741243 3703
198074193 4080798132 9445
198074194 504872477 895
198074195 2259298642 1690
198074196 3755955454 367
198074197 823674026 574
198074198 1203595737 51088
198074199 3732558497 12214
198074200 2489302546 62010
198074201 1479023900 8041
198074202 2895724961 1274
198074203 439169822 2879
198074204 4214408970 228
198074205 1619882095 623
198074206 1940335007 281
198074207 1244966382 42611
198074208 1774600934 447
198074209 479296129 4574
198074210 61586643 6301
198074211 2098317961 20359
198074212 3148587529 6263424
198074213 4084191433 209
198074214 1099593902 3627
198074215 2488972322 697
198074216 715453665 1406
198074217 842926397 435
198074218 2859559415 113554
198074219 1982901911 284
198074220 3291066950 375
198074221 2452876787 5003
198074222 1266822934 69112
198074223 1852302236 1442
198074224 3168648194 6687
198074225 2808293677 528
198074226 2088136493 621
198074227 46419223 15644
198074228 1628158618 4247
198074229 1320517719 629
198074230 276044494 634
198074231 2620343626 3421
198074232 143382946 2946
198074233 2199722750 25043
198074234 1660703162 394
198074235 2660387564 13831
198074236 4161014088 516
198074237 998893982 193
198074238 2326483594 4592
198074239 3755955454 367
198074240 627228977 550
198074241 3156776377 13689
198074242 88335132 433
198074243 1833407682 304
198074244 1932066959 18614
198074245 1165360815 3730
198074246 391315452 1075
198074247 3041630404 11520
198074248 3484615843 16259
198074249 2586556351 9049
198074250 2585744142 347
198074251 3322931052 666
198074252 3748875923 22447
198074253 1154688639 649
198074254 213176732 24389
198074255 3412634970 1884
198074256 3781851128 6246
198074257 3958881980 6283
198074258 265402998 960
198074259 47517919 57131
198074260 2951763808 1572
198074261 2397367575 305
198074262 1313871958 7574
198074263 2808293677 528
198074264 877191329 582
198074265 165821572 3964
198074266 2699838202 701
198074267 4250448179 3647
198074268 993200529 1705
198074269 2620343626 3421
198074270 1940335007 281
198074271 2384409338 120
198074272 2173394564 1300
198074273 3635500318 270
198074274 1426014399 6111
198074275 1953046373 483
198074276 1426014399 6111
198074277 3276157503 2842
198074278 1679372235 4232
198074279 3421902889 6377
198074280 3526369813 2970
198074281 3526460820 10732
198074282 1096540463 13618
198074283 1490678497 6773
198074284 1834728978 1129
198074285 2350012080 21554
198074286 2397618269 4767
198074287 3322931052 666
198074288 337652338 671
198074289 2030840301 276
198074290 1674436829 11550
198074291 618751106 12028
198074292 1910712603 7743
198074293 2829836391 106044
198074294 4035836289 3117
198074295 2620343626 3421
198074296 1000129973 525
198074297 295472637 15519
198074298 330950210 1594
198074299 2631399806 86360
198074300 2699838202 701
198074301 1400348489 15598
198074302 1315721810 37494
198074303 4285022217 311
198074304 2298320915 1425
198074305 1422094913 14949
198074306 543796249 436
198074307 1352220178 10284
198074308 813447558 7117
198074309 4195158880 615
198074310 4065936549 29846
198074311 2844881097 381
198074312 3267026896 13185
198074313 814897889 579
198074314 1853535438 1430
198074315 3374891577 32739
198074316 2254855977 12142
198074317 1439022711 1111
198074318 2440789888 29132
198074319 330950210 1594
198074320 2279026547 19602
198074321 2337752579 570570
198074322 1426994595 533
198074323 706312712 9813
198074324 1430532698 10118
198074325 1660703162 394
198074326 2262541939 204171
198074327 4046434680 18008
198074328 4158179829 10316
198074329 1050379123 179
198074330 3029794806 26656
198074331 1283443097 1149
198074332 330950210 1594
198074333 2318804970 486
198074334 94179568 335
198074335 1180727719 228
198074336 1202122624 145
198074337 1652672596 20527
198074338 4012776838 807
198074339 377210049 585
198074340 3900724793 14351
198074341 3831408788 20792
198074342 2915050559 13761
198074343 2987121076 23416
198074344 197614671 25416
198074345 626076480 874
198074346 486141470 44974
198074347 3474063548 43105
198074348 1419355081 436
198074349 1602896306 13321
198074350 2390415415 14868
198074351 969469024 206
198074352 1968150793 259
198074353 25723018 1547
198074354 3390156513 380
198074355 3865848836 5107908
198074356 2620343626 3421
198074357 330950210 1594
198074358 1365574726 25313
198074359 1923884944 822
198074360 626076480 874
198074361 2183466862 16992
198074362 3371524434 16238
198074363 1692161271 350059
198074364 2620343626 3421
198074365 170365308 149
198074366 3024981565 6693
198074367 3972095318 620
198074368 2581115341 11492
198074369 90282525 48690
198074370 3713048233 77075
198074371 3417071542 735
198074372 836393662 32008
198074373 1314167650 10628
198074374 3785391398 4985
198074375 2620343626 3421
198074376 2123885646 337
198074377 2782097877 20549
198074378 458221231 10973
198074379 2535359612 11978
198074380 504872477 895
198074381 2264847865 6924
198074382 1523294451 9859
198074383 3698447522 662
198074384 664839085 10658
198074385 2071656161 1615
198074386 3495340328 1975
198074387 330950210 1594
198074388 2110169601 176
198074389 520529924 629
198074390 3644593987 151000
198074391 187362440 25373
198074392 3373910285 859
198074393 386981293 260
198074394 4060594775 148
198074395 974730620 1213
198074396 330950210 1594
198074397 3589036765 7612
198074398 3006625258 668
198074399 330950210 1594
198074400 3696910385 11296
198074401 1451153387 1409
198074402 1752945414 3694
198074403 829752874 2944
198074404 1654404554 31707
198074405 176992584 17332
198074406 3670190206 53973
198074407 450736828 414
198074408 1129689739 864
198074409 4099693214 5619
198074410 1940335007 281
198074411 4093233738 15938
198074412 3438507835 10814
198074413 617585984 11087
198074414 2822181619 14130
198074415 1821294224 2554
198074416 2757324166 821
198074417 3503708995 334
198074418 3199456259 114
198074419 2042346284 848
198074420 4038587065 21746
198074421 2986259966 5523
198074422 2777933046 13484
198074423 2218999378 50110
198074424 963489669 4174
198074425 3886732576 15735
198074426 2128134424 996
198074427 3457166487 4719
198074428 230495968 43617
198074429 1932066959 18614
198074430 334645172 122
198074431 1884646172 11933
198074432 3689736166 13983
198074433 2003406121 1011
198074434 2620343626 3421
198074435 1940335007 281
198074436 838335417 824
198074437 4046447279 9059
198074438 558867681 11633
198074439 2783605353 19633
198074440 2637920423 259
198074441 2908649086 1802
198074442 1968484345 2184
198074443 1773296524 16454
198074444 193820633 356
198074445 962039970 1634
198074446 1180504306 572
198074447 649458949 20972
198074448 2123170450 4856
198074449 2637920423 259
198074450 2528489272 24764
198074451 1940335007 281
198074452 68509724 131
198074453 39144052 17331
198074454 3579628488 10843
198074455 4017726450 9950
198074456 176826543 4486
198074457 1114805079 11921
198074458 94179568 335
198074459 670079712 12458
198074460 945780159 13864
198074461 2620343626 3421
198074462 3350226841 21939
198074463 845895651 417
198074464 2637920423 259
198074465 3354134741 5567
198074466 780312965 157
198074467 2620343626 3421
198074468 907981688 60991
198074469 1337522568 16204
198074470 2865464214 61117
198074471 2369433059 9336
198074472 3695780990 141
198074473 3229319567 9363
198074474 760905991 1417
198074475 3515291769 3017
198074476 2903312466 11197
198074477 818226203 4509
198074478 3417071542 735
198074479 2633440678 21737
198074480 626076480 874
198074481 2865728248 2990
198074482 480812201 7379
198074483 2008430052 11834
198074484 4086974879 19397
198074485 3991793398 45554
198074486 1709431573 233548
198074487 58644291 12571
198074488 620806027 192
198074489 30356552 173254
198074490 3105938401 343
198074491 929847414 2072
198074492 433472757 18704
198074493 2268800308 8017
198074494 3989848313 205
198074495 1995060892 448
198074496 1542353856 221
198074497 2530322166 6907
198074498 3576441338 328
198074499 1282919616 12108
198074500 1050218208 9783
198074501 253633551 2124
198074502 108158717 1581
198074503 4262015023 329
198074504 3229319567 9363
198074505 330950210 1594
198074506 3967107682 4056
198074507 2271735516 562
198074508 2514427396 1655
198074509 794226499 543
198074510 3900724793 14351
198074511 3137416645 112
198074512 2091721172 6056
198074513 1157476378 14934
198074514 3924350155 1111
198074515 659693926 15397
198074516 302569703 4488
198074517 1426014399 6111
198074518 1251477217 4756
198074519 1852302236 1442
198074520 3594007825 435
198074521 2986209617 5463
198074522 3058100581 419584
198074523 391315452 1075
198074524 3417071542 735
198074525 3695780990 141
198074526 452836981 2539
198074527 1464863202 4910
198074528 508784726 475
198074529 986573969 797
198074530 3560548301 672
198074531 1782945678 8505
198074532 2205512405 11737
198074533 330950210 1594
198074534 1812881651 57174
198074535 2506262789 3314
198074536 3114916640 748
198074537 2467666087 20609
198074538 377210049 585
198074539 830270321 4926
198074540 504872477 895
198074541 2135314106 5105
198074542 2696618524 9694
198074543 3086382702 17598
198074544 2620343626 3421
198074545 94179568 335
198074546 832989426 17099
198074547 2792978956 882
198074548 1854089219 13236
198074549 3165634767 4257
198074550 3988050154 7300
198074551 2188226047 17089
198074552 3105938401 343
198074553 3799562303 11676
198074554 284150628 181
198074555 4099693214 5619
198074556 2620343626 3421
198074557 586489512 175
198074558 622920144 8793
198074559 4060594775 148
198074560 2777921867 1233
198074561 4250202158 755
198074562 29794655 16788
198074563 377210049 585
198074564 814897889 579
198074565 1744407301 4576
198074566 3036102812 12334
198074567 2620343626 3421
198074568 330950210 1594
198074569 2775567319 5942
198074570 2914885918 5341
198074571 3173497856 4690
198074572 1491853341 16405
198074573 2786294585 1435
198074574 94179568 335
198074575 3994578269 3899
198074576 3339632842 11768
198074577 745308512 50737
198074578 1781185026 84399
198074579 304776712 6832
198074580 853299492 55843
198074581 2856972252 17438
198074582 1276478751 7978
198074583 1742458862 11347
198074584 94179568 335
198074585 1964348058 12059
198074586 1797978489 13572
198074587 2057937724 1013
198074588 3712148982 10292
198074589 2119795190 2230
198074590 1675975963 7324
198074591 4234016806 41174
198074592 3425551308 313
198074593 1217280847 7521
198074594 2027605495 51118
198074595 1235577494 5447
198074596 3115018284 2185
198074597 3229319567 9363
198074598 1088847956 5035
198074599 1295294241 331
198074600 1180504306 572
198074601 1668384152 19469
198074602 1840686741 36247
198074603 2663008370 11513
198074604 320673043 13645
198074605 1178209627 31626
198074606 3547230107 10417
198074607 592895311 299
198074608 1180727719 228
198074609 1028426132 15839
198074610 1403246816 4367
198074611 1641340375 681
198074612 4160949727 10883
198074613 94179568 335
198074614 1618321425 35578
198074615 3398064232 2790
198074616 4193171912 466
198074617 565119292 415
198074618 2648350959 316
198074619 3313236400 34053
198074620 2316731049 807
198074621 1494442882 2683
198074622 1963281033 3768
198074623 4122840211 10999
198074624 1956597825 13124
198074625 1817593121 284
198074626 1174456206 6518
198074627 569849491 10821
198074628 3361598280 3113
198074629 627842683 2345
198074630 419624430 4055
198074631 635747193 376
198074632 2537463801 17204
198074633 1448159069 29158
198074634 1126668003 10537
198074635 1940335007 281
198074636 330950210 1594
198074637 2090250562 25022
198074638 94179568 335
198074639 283416177 21394
198074640 4113454392 13667
198074641 4223711535 439
198074642 2890157902 856
198074643 3696706805 385
198074644 500185021 1414
198074645 1909726744 3391
198074646 509622639 528
198074647 1940335007 281
198074648 3725821639 27263
198074649 610680049 13932
198074650 744936996 358
198074651 1000129973 525
198074652 2817892125 6033
198074653 3373910285 859
198074654 145799466 20321
198074655 3247897433 4577
198074656 1466431072 1037
198074657 1421713836 103740
198074658 2804779286 1447
198074659 3126235241 6724
198074660 903900130 4220
198074661 2620343626 3421
198074662 516870308 18910
198074663 88335132 433
198074664 130382429 128
198074665 853958503 103910
198074666 1174456206 6518
198074667 3229319567 9363
198074668 330950210 1594
198074669 912072447 7887
198074670 3696706805 385
198074671 1009029256 229
198074672 626076480 874
198074673 1351886684 4254
198074674 94179568 335
198074675 4179551167 451
198074676 2620343626 3421
198074677 3901422018 144
198074678 515394680 1254
198074679 1629551083 18759
198074680 3500181230 50921
198074681 836587296 397
198074682 3874785334 2682
198074683 2620343626 3421
198074684 571041727 46240
198074685 3020072027 2457
198074686 230230844 44695
198074687 1574004340 155
198074688 538427402 6186
198074689 2620343626 3421
198074690 2551373992 3152
198074691 2161943513 5320
198074692 1280656223 14031
198074693 276044494 634
198074694 504872477 895
198074695 4110564043 11888
198074696 1872416766 1266
198074697 2708511548 1704
198074698 2558761223 3593
198074699 2509505947 250
198074700 3755955454 367
198074701 3524926234 306
198074702 2358556509 1228
198074703 2828776111 12921
198074704 4222001128 6735
198074705 1895204923 3640
198074706 3315970646 39347
198074707 4237450420 267
198074708 518632848 14017
198074709 870031803 12691
198074710 3545396662 337801
198074711 4199198051 6008
198074712 814897889 579
198074713 3284153461 6371
198074714 3108725434 5111808
198074715 3059264394 5764
198074716 1009029256 229
198074717 151002707 12764
198074718 75990531 1731
198074719 94179568 335
198074720 106631486 3371
198074721 592895311 299
198074722 1042267803 20054
198074723 772554880 177
198074724 814897889 579
198074725 520529924 629
198074726 4243339629 880
198074727 3696706805 385
198074728 2264038262 1138
198074729 3199456259 114
198074730 3949314872 881
198074731 436924146 5474
198074732 3115018284 2185
198074733 1695976830 135
198074734 2127688556 6517
198074735 3755955454 367
198074736 1409174199 24648
198074737 2861096722 607
198074738 3900724793 14351
198074739 747535326 4887
198074740 2713891797 1219
198074741 2026752811 2004
198074742 1002198252 87950
198074743 3877314069 1367
198074744 466196923 1098
198074745 212287183 38131
198074746 1033518728 11803
198074747 3671252111 13574
198074748 2725011744 10381
198074749 996550846 2708
198074750 2620343626 3421
198074751 3679788144 154
198074752 2541035558 7330
198074753 1118898320 11315
198074754 4192493484 175181
198074755 1028524136 9702
198074756 3617183493 681
198074757 3867913411 2783
198074758 4270416767 9235
198074759 882114513 18131
198074760 2219102249 1543
198074761 814897889 579
198074762 565138992 6979
198074763 3980106918 21277
198074764 1400348489 15598
198074765 4154687860 575
198074766 2620343626 3421
198074767 3421902889 6377
198074768 1473302226 4878
198074769 1097512659 22570
198074770 2838715438 622
198074771 330950210 1594
198074772 2225819976 1595
198074773 504872477 895
198074774 1998531782 20182
198074775 1009029256 229
198074776 518051999 106296
198074777 1446764116 510
198074778 597880097 542
198074779 4093349348 10217
198074780 1853535438 1430
198074781 1807290861 3124
198074782 1711532278 249704
198074783 2383982166 12762
198074784 3025661573 15735
198074785 979500211 2300
198074786 3795437333 146455
198074787 2121907834 35938
198074788 1369002470 7449
198074789 2179671453 11584
198074790 1053261161 449
198074791 1173914294 1666
198074792 2345875037 267
198074793 1297575531 2799
198074794 3229319567 9363
198074795 1853535438 1430
198074796 4225229294 24078
198074797 4273079067 18306
198074798 3095856677 10899
198074799 2966867634 933
198074800 505689499 2397
198074801 519708935 6348
198074802 3556736166 6439
198074803 4193161713 138
198074804 2407354598 4932
198074805 1589455739 12360
198074806 2644305651 4995
198074807 391315452 1075
198074808 993662492 18396
198074809 3354063550 570
198074810 4016456897 13632
198074811 3644299468 18448
198074812 1271487944 12952
198074813 3105938401 343
198074814 2888985795 1722
198074815 3478383758 528619
198074816 4055900730 732
198074817 997435118 1299
198074818 3276157503 2842
198074819 549239340 290
198074820 135720642 32978
198074821 2832616784 661
198074822 3301325604 25711
198074823 2620343626 3421
198074824 918163557 4979
198074825 3672529588 17181
198074826 4271657049 55643
198074827 3212617821 25504
198074828 2595621619 390
198074829 2758802799 23430
198074830 3765309804 21319
198074831 671122727 2951
198074832 2270665237 4959
198074833 1066088259 8685
198074834 391315452 1075
198074835 3421902889 6377
198074836 2357888309 7218
198074837 1000129973 525
198074838 2585744142 347
198074839 2470109814 13014
198074840 2264038262 1138
198074841 4102435708 2869
198074842 685577039 23008
198074843 962175307 7131
198074844 391315452 1075
198074845 2053952603 58870
198074846 1164846910 27173
198074847 43576465 1639
198074848 238211837 10227
198074849 2128300360 15371
198074850 2345875037 267
198074851 1278759048 11361
198074852 1379836681 19367
198074853 3105938401 343
198074854 2638635874 22975
198074855 2267307610 1927
198074856 3825876430 18643
198074857 265402998 960
198074858 3461966751 34103
198074859 4130317012 9654
198074860 4012776838 807
198074861 2808293677 528
198074862 2670689868 33782
198074863 1923826892 6747
198074864 2267307610 1927
198074865 4166300359 841
198074866 4012776838 807
198074867 3184689878 13628
198074868 1180727719 228
198074869 3687443459 493031
198074870 330950210 1594
198074871 4006663756 20708
198074872 218839198 1266
198074873 2543236042 11160
198074874 3441771374 26868
198074875 2293200345 6627
198074876 1504850668 21468
198074877 3199456259 114
198074878 3666472324 21790
198074879 2413813502 21292
198074880 3009123211 20356
198074881 712550517 25033
198074882 3503708995 334
198074883 1821294224 2554
198074884 3229319567 9363
198074885 1220631429 4378
198074886 1539227779 12966
198074887 94179568 335
198074888 4140242086 896
198074889 1478769589 21156
198074890 1861874871 135
198074891 4126551359 26256
198074892 1426014399 6111
198074893 30427514 14182
198074894 3518913853 14247
198074895 3187018194 390
198074896 3211344074 5779898
198074897 3664963167 12740
198074898 1426014399 6111
198074899 1419355081 436
198074900 1095208007 10574
198074901 1295294241 331
198074902 4088120977 29348
198074903 3861499945 16104
198074904 1784267543 580
198074905 2645620736 1194
198074906 911235199 15800
198074907 1438258152 18826
198074908 3757415069 136
198074909 1512224777 787
198074910 1940335007 281
198074911 2548530480 126
198074912 1720341085 1299853
198074913 3353230967 381
198074914 3044842042 20545
198074915 1426089236 15627
198074916 2729508696 5816
198074917 94179568 335
198074918 94179568 335
198074919 3725962198 9265
198074920 2188865708 18469
198074921 2018428713 7205
198074922 1895767160 45999
198074923 2553838293 529
198074924 2888985795 1722
198074925 1007396627 27454
198074926 3281349787 7598
198074927 1161462207 7769
198074928 3559299345 18872
198074929 1460719798 2870
198074930 3861460618 26242
198074931 3035994496 64000
198074932 330950210 1594
198074933 2042694034 24886
198074934 2890157902 856
198074935 1265623709 9472
198074936 2040970143 195
198074937 2924744712 7686
198074938 3353230967 381
198074939 3125661312 759
198074940 3636840873 50824
198074941 439169822 2879
198074942 330950210 1594
198074943 504872477 895
198074944 3086382702 17598
198074945 4194781131 14698
198074946 1824082111 10531
198074947 383651541 109568
198074948 3931308108 3991
198074949 3380338447 163
198074950 88335132 433
198074951 1557854462 280299
198074952 3618654068 10692
198074953 2565467998 18771
198074954 1119842855 29322
198074955 3905156677 1003
198074956 2494314330 12974
198074957 2731367694 316396
198074958 3633236345 8443
198074959 2797049073 1409
198074960 1279874680 1386
198074961 747535326 4887
198074962 330950210 1594
198074963 680414388 8202
198074964 2770195113 1221
198074965 901697718 12926
198074966 2141959237 23724
198074967 4192988590 26478
198074968 4103479418 9494
198074969 3155782182 6341
198074970 2805121056 7326
198074971 1527042814 15176
198074972 398087651 4154
198074973 2713176895 28241
198074974 2220656559 1458
198074975 3647892580 5137
198074976 814897889 579
198074977 1374708420 5768
198074978 3882444397 102306
198074979 721675989 7828
198074980 3115018284 2185
198074981 442581938 12265
198074982 1628606677 2785
198074983 2637920423 259
198074984 202504620 22537
198074985 1179287201 15379
198074986 582978157 18778
198074987 77019005 324
198074988 2355635134 10253
198074989 927745529 17214
198074990 1062944939 11819
198074991 3921158484 73578
198074992 4132801152 2141
198074993 162002573 662
198074994 2482219711 1152
198074995 1000129973 525
198074996 3380338447 163
198074997 4122691141 543
198074998 1180504306 572
198074999 2807792552 17648
198075000 1216766857 268
198075001 1774792385 18581
198075002 391315452 1075
198075003 2929416936 2374
198075004 2727563877 31424
198075005 3504900768 307
198075006 3503708995 334
198075007 1690792901 783
198075008 3949314872 881
198075009 330950210 1594
198075010 3336785496 1369
198075011 2522175613 62327
198075012 1429633045 20640
198075013 3545911885 2302
198075014 3083792218 19654
198075015 2929416936 2374
198075016 598042661 11808
198075017 1940335007 281
198075018 4054308597 239
198075019 2634394043 467
198075020 3162811502 18277
198075021 3005614360 2221
198075022 2954814340 677
198075023 1830525044 12754
198075024 2798413347 3820
198075025 504872477 895
198075026 2460245035 9331
198075027 3593687982 10522
198075028 3966825964 8328
198075029 2338087788 373
198075030 4007620261 24410
198075031 1572460282 21845
198075032 1236804615 5829
198075033 4244517008 3215
198075034 4147219178 35037
198075035 626076480 874
198075036 203792071 6509
198075037 3667820352 1117
198075038 3948402667 13626
198075039 626076480 874
198075040 1413633010 25528
198075041 159630290 33044
198075042 1562491060 13374
198075043 2302171064 4321
198075044 3393843839 8543
198075045 3949942620 1273
198075046 4244517008 3215
198075047 678924782 551
198075048 3696706805 385
198075049 2582096663 1736
198075050 330950210 1594
198075051 130382429 128
198075052 3226291123 603
198075053 1395598420 17234
198075054 1590510300 1939
198075055 4234406064 23056
198075056 94179568 335
198075057 1538952120 58947
198075058 481086599 34807
198075059 3465930414 9763
198075060 2139220884 14922
198075061 626076480 874
198075062 3521204993 118
198075063 1406429083 9143
198075064 1273355513 4515
198075065 2038028080 3220
198075066 94179568 335
198075067 1027732857 174
198075068 4084191433 209
198075069 4073624527 14021
198075070 1940335007 281
198075071 94179568 335
198075072 4206089962 28495
198075073 3653599166 728
198075074 1982901911 284
198075075 1009029256 229
198075076 3696706805 385
198075077 2298739610 17154
198075078 2890157902 856
198075079 1114529491 32289
198075080 142154873 12276
198075081 1216766857 268
198075082 2903816523 7163
198075083 1440121749 4584
198075084 3359248394 14334
198075085 2009446265 345
198075086 2908649086 1802
198075087 3353230967 381
198075088 2394786307 14163
198075089 62746261 960
198075090 2140204877 1008
198075091 3565523978 186
198075092 1350697013 25573
198075093 3518860535 457
198075094 392817055 31958
198075095 3656232869 34500
198075096 4187786264 1631
198075097 4108319665 4719
198075098 2414743574 3562
198075099 156729129 1237
198075100 3246877120 18730
198075101 1074555569 1924
198075102 1320517719 629
198075103 2886512983 29434
198075104 4237450420 267
198075105 905236001 7031
198075106 3554031663 1038
198075107 2620343626 3421
198075108 1109379319 3640
198075109 1708929734 12136
198075110 498265639 19056
198075111 1940335007 281
198075112 3205990276 2773
198075113 814897889 579
198075114 1935160010 7182
198075115 2948635115 4095
198075116 2275376737 5934
198075117 3890117842 15298
198075118 3986486132 1332
198075119 3880360835 23068
198075120 676170828 19714
198075121 19061505 8004
198075122 4056363655 4633
198075123 2128984929 23480
198075124 3938640655 5840
198075125 549459510 24104
198075126 3051617679 34499
198075127 1140034220 154735
198075128 2470368443 3370
198075129 3728541568 5932
198075130 1562713427 2463
198075131 2850184579 23110
198075132 2209371787 15384
198075133 1579066819 10013
198075134 3991218761 87195
198075135 4233426995 711
198075136 2962658510 10630
198075137 2868522577 14525
198075138 330950210 1594
198075139 3556736166 6439
198075140 330950210 1594
198075141 918527463 8271
198075142 4077610462 12986
198075143 996859345 1570
198075144 796951626 11412
198075145 4284200874 4799
198075146 2337381076 12896
198075147 2485640801 1202756
198075148 783463984 10981
198075149 2317230986 15207
198075150 330950210 1594
198075151 3137750117 10605
198075152 28668884 16390
198075153 1161902812 21441
198075154 2378426061 2682
198075155 2009446265 345
198075156 330950210 1594
198075157 3463374148 4517
198075158 2890157902 856
198075159 3683653157 7729
198075160 1925882541 1072
198075161 777980505 68297
198075162 2040970143 195
198075163 2620343626 3421
198075164 1311800097 66537
198075165 2354382202 9820
198075166 4249891687 18834
198075167 114640638 9254
198075168 1746980954 390
198075169 3105938401 343
198075170 1202122624 145
198075171 3293520939 6807
198075172 1967627579 9076
198075173 4197078432 3034
198075174 66596140 8800
198075175 3366218376 30981
198075176 3470330155 338
198075177 2435288346 192
198075178 1673949999 81618
198075179 1975932413 49877
198075180 94179568 335
198075181 3865431010 14262
198075182 438418222 14371
198075183 2620343626 3421
198075184 2808293677 528
198075185 2620343626 3421
198075186 1453048638 51251
198075187 3989577393 49472
198075188 711849655 14234
198075189 2029544040 5145
198075190 3847070199 2491
198075191 2009446265 345
198075192 1466202784 313
198075193 3263611492 18000
198075194 3120411061 2738
198075195 1093323676 14943
198075196 3655679089 5813
198075197 4101757449 10544
198075198 1305051985 4297
198075199 170365308 149
198075200 200094371 21898
198075201 1646663438 5890
198075202 1255563303 10285
198075203 3696706805 385
198075204 2267307610 1927
198075205 626076480 874
198075206 2276038396 16509
198075207 1238609410 49169
198075208 3215329636 548
198075209 477080677 178
198075210 828715139 20328
198075211 2303918131 615
198075212 1517117045 6964
198075213 2290649642 321
198075214 2446606124 537
198075215 1320517719 629
198075216 1126062578 1950
198075217 977671413 27963
198075218 1873998007 11666
198075219 2166405253 14848
198075220 1174456206 6518
198075221 3887646931 7887
198075222 2890157902 856
198075223 668327934 24417
198075224 4264796873 72521
198075225 568570645 244
198075226 806860510 14182
198075227 3823166835 306
198075228 94179568 335
198075229 3994528725 2094828
198075230 1237820193 5046
198075231 1955769220 25306
198075232 1546003242 19421
198075233 94179568 335
198075234 2163810700 62660
198075235 1909877432 8037
198075236 330950210 1594
198075237 2267307610 1927
198075238 330950210 1594
198075239 1495747165 930
198075240 31115040 168
198075241 3372976345 479
198075242 774435251 17175
198075243 456600165 11421
198075244 4254493783 327
198075245 1853535438 1430
198075246 4203786245 8283
198075247 605727405 17014
198075248 1966687842 161
198075249 1498660242 28696
198075250 2408916901 6138
198075251 2534445432 12853
198075252 1442852893 7253
198075253 130382429 128
198075254 94179568 335
198075255 437039437 3807
198075256 1692161271 350059
198075257 2606159762 1543
198075258 3863511309 351
198075259 2165891980 9374
198075260 322252943 26766
198075261 3695780990 141
198075262 330950210 1594
198075263 330950210 1594
198075264 4122386313 10306
198075265 62746261 960
198075266 2325493477 102
198075267 720295123 255
198075268 3608641984 42523
198075269 2057625389 125
198075270 2699028060 13868
198075271 3353230967 381
198075272 3655388351 4436
198075273 3847070199 2491
198075274 2499840669 7308
198075275 2770681294 439
198075276 3937937600 25178
198075277 1502800717 44603
198075278 568570645 244
198075279 3952049408 30431
198075280 2620343626 3421
198075281 2826512263 13931
198075282 534582548 2953
198075283 2810342075 49684
198075284 4079921731 21186
198075285 2766762788 10553
198075286 1719360875 18722
198075287 1939056378 173
198075288 2007290739 22399
198075289 526808012 21953
198075290 2666266544 43867
198075291 330950210 1594
198075292 655206559 7876
198075293 3299840823 12686
198075294 820284362 7984
198075295 2758178373 1698
198075296 2805070487 1819
198075297 3199605873 258
198075298 4012776838 807
198075299 3128994409 405
198075300 291939780 2936
198075301 330950210 1594
198075302 330950210 1594
198075303 1814109306 3431
198075304 117051189 12376
198075305 377210049 585
198075306 4249674613 11532
198075307 1780877160 15326
198075308 2941481193 62712
198075309 2871540641 4076
198075310 799635222 2581
198075311 2003406121 1011
198075312 905151883 3619
198075313 1796349005 14599
198075314 513810013 8824
198075315 4101915557 10250
198075316 3284237430 4050
198075317 2165503155 36611
198075318 330950210 1594
198075319 94179568 335
198075320 3839469353 7394
198075321 2786294585 1435
198075322 3509833614 3486
198075323 2762505827 5897
198075324 1050379123 179
198075325 4289719605 23279
198075326 3534159763 3525
198075327 3924350155 1111
198075328 1875757749 2649
198075329 2270902523 8300
198075330 1513811225 14010
198075331 2590297108 16374
198075332 905236001 7031
198075333 2345875037 267
198075334 781028829 8487
198075335 1208855345 11291
198075336 408383143 1234
198075337 247972264 4881
198075338 1264695087 1671
198075339 2423848387 13448
198075340 2083949838 10472
198075341 1403336106 148
198075342 4257541803 236
198075343 3876337473 5414
198075344 94179568 335
198075345 25723018 1547
198075346 878940800 6196
198075347 2408116399 501
198075348 1017542633 7435
198075349 457178054 24752
198075350 2014299905 46565
198075351 3322931052 666
198075352 736071641 10909
198075353 375969544 755
198075354 2517453360 5741
198075355 1852302236 1442
198075356 2426261379 28738
198075357 3924350155 1111
198075358 1861874871 135
198075359 3544671594 20373
198075360 1252378549 334
198075361 2291719348 769
198075362 1492177016 223
198075363 4253817286 2676
198075364 311703991 1570
198075365 4032749936 60108
198075366 3472534130 215
198075367 3005614360 2221
198075368 2465372381 17394
198075369 3763665686 1145
198075370 1542353856 221
198075371 2585744142 347
198075372 94179568 335
198075373 914533858 2786
198075374 1474545417 6724
198075375 1318645557 5318
198075376 3003647822 4651
198075377 330950210 1594
198075378 568570645 244
198075379 1556358014 31992
198075380 1419355081 436
198075381 3070364062 13072
198075382 2265073625 11189
198075383 3667717576 2587
198075384 1250189599 18566
198075385 454371101 19776
198075386 2205451642 25067
198075387 3417071542 735
198075388 1735755824 5814
198075389 744936996 358
198075390 2303893197 5149
198075391 911348918 14968
198075392 371487787 5411
198075393 1726270524 1393
198075394 1366323663 30318
198075395 4171640591 23524
198075396 3951966795 12842
198075397 1033285157 9726
198075398 94179568 335
198075399 4026362072 19880
198075400 3199456259 114
198075401 2620343626 3421
198075402 3696706805 385
198075403 1821294224 2554
198075404 3890863669 4523
198075405 3142149108 3841
198075406 41860639 3540
198075407 1953046373 483
198075408 1079751499 242
198075409 543073971 352
198075410 1977950861 2013
198075411 542194931 2772
198075412 2808293677 528
198075413 330950210 1594
198075414 1834001577 920
198075415 3229319567 9363
198075416 1929729850 7137
198075417 44681591 4587
198075418 2585744142 347
198075419 3418925945 15849
198075420 2637920423 259
198075421 71159792 3166
198075422 1058306803 17666
198075423 292831087 32549
198075424 4017922520 17697
198075425 1999244066 194
198075426 1503880232 115037
198075427 1723049047 28215
198075428 410808667 5269
198075429 1555223816 10723
198075430 4251525018 9695
198075431 80374605 566
198075432 3193329790 4308
198075433 263483312 375
198075434 745650599 6920
198075435 2964701133 12794
198075436 4190678434 38312
198075437 1675366696 66532
198075438 2692597672 20802
198075439 145512108 73865
198075440 960859400 4823
198075441 855520875 17593
198075442 3735314031 151
198075443 650667912 5341
198075444 1368353751 2959
198075445 3493296923 8412
198075446 1454403386 7443
198075447 3529829761 190
198075448 3379378490 388
198075449 2309936986 3590
198075450 450736828 414
198075451 23825213 7794
198075452 3109126808 14556
198075453 1838074029 27004
198075454 534063500 12856
198075455 2869535677 386
198075456 330950210 1594
198075457 371346954 4073
198075458 1964822111 24215
198075459 3545706125 8797
198075460 2033174679 1354
198075461 3883721061 11586
198075462 1605124608 13255
198075463 2225819976 1595
198075464 3935168113 3251
198075465 2751520629 174
198075466 3234507383 114
198075467 2969259909 14934
198075468 1173914294 1666
198075469 3747467984 3862
198075470 94179568 335
198075471 3087699003 10096
198075472 1796184869 340
198075473 2819000183 3858
198075474 1861874871 135
198075475 3817489165 18629
198075476 2620343626 3421
198075477 2832511709 1055
198075478 69943674 315
198075479 3150582880 361
198075480 371105714 651
198075481 151295699 885
198075482 1359945070 108
198075483 2452876787 5003
198075484 330950210 1594
198075485 353544867 18831
198075486 404709788 3020
198075487 3325110937 22527
198075488 520529924 629
198075489 2047632554 818
198075490 35144507 17573
198075491 1383502028 610
198075492 913305208 18953
198075493 330950210 1594
198075494 3238246480 82582
198075495 2537203243 5067
198075496 330950210 1594
198075497 3695780990 141
198075498 94179568 335
198075499 817488150 8000
198075500 695306476 2993
198075501 193820633 356
198075502 3206006350 366
198075503 3629017354 2199
198075504 2519294072 60989
198075505 2672430938 1309
198075506 2128128385 2200
198075507 2513589851 674
198075508 2178322249 283902
198075509 263318101 3373
198075510 330950210 1594
198075511 3534159763 3525
198075512 3886762349 300
198075513 3854381926 5865
198075514 912481420 10848
198075515 2317858971 1123
198075516 2173445937 13877
198075517 2003406121 1011
198075518 1791696142 13997
198075519 3594007825 435
198075520 2699838202 701
198075521 138085363 11114
198075522 3539502720 4252
198075523 2888985795 1722
198075524 1660703162 394
198075525 2452876787 5003
198075526 1249345516 866
198075527 3952923976 15685
198075528 337025169 753
198075529 330950210 1594
198075530 3220354166 1159
198075531 3266949725 9251
198075532 1665034076 266
198075533 1164203317 2867
198075534 2100875532 5312
198075535 164725322 10607
198075536 2638414341 565
198075537 3534159763 3525
198075538 1229978377 427
198075539 2764048489 17866
198075540 1633489981 17078
198075541 2560169508 2320
198075542 1930666575 3724
198075543 2357211563 4839
198075544 2553838293 529
198075545 529617666 11277
198075546 3049550743 11397
198075547 563030222 12158
198075548 3695780990 141
198075549 180713240 10839
198075550 2631124265 6730
198075551 1426014399 6111
198075552 1544165713 7230
198075553 3654408563 1716
198075554 3970272155 16689
198075555 2268652848 28780
198075556 2620343626 3421
198075557 3193918748 19033
198075558 993584905 28795
198075559 551108846 205
198075560 992153755 8175
198075561 4248715673 222
198075562 3189673882 17359
198075563 349900702 15537
198075564 679053937 66767
198075565 3381692286 9424
198075566 1893924843 2085
198075567 2197574377 11362
198075568 4283512101 12639
198075569 1029333460 4468
198075570 980399476 116
198075571 1940335007 281
198075572 3295655401 11660
198075573 2915719674 88517
198075574 3372976345 479
198075575 2446606124 537
198075576 2091943741 545
198075577 1567959174 5186
198075578 769633256 2183
198075579 391315452 1075
198075580 1362792100 548
198075581 2929416936 2374
198075582 1403627285 10859
198075583 3652867954 7545
198075584 1940901530 18526
198075585 322406943 175
198075586 2534477816 15694
198075587 943393881 3648
198075588 2866602621 1171
198075589 3212857664 3299
198075590 2620343626 3421
198075591 2233525287 5111
198075592 1520727284 8777
198075593 1996870536 21857
198075594 3535713156 15937
198075595 25723018 1547
198075596 3608865299 500
198075597 3696706805 385
198075598 2808293677 528
198075599 2373765282 18674
198075600 1512224777 787
198075601 3495645948 20497
198075602 3951003072 511
198075603 1254026481 27714
198075604 2878340139 11544
198075605 416057695 9981
198075606 3442766522 13246
198075607 152960980 8089
198075608 193820633 356
198075609 3353230967 381
198075610 2890157902 856
198075611 3600363257 171
198075612 252495925 10379
198075613 2030840301 276
198075614 3765303241 9349
198075615 4226838931 11639
198075616 1968150793 259
198075617 1863409201 23234
198075618 1682147970 8484
198075619 1686794124 7398
198075620 3283173104 118
198075621 626076480 874
198075622 3253492024 19730
198075623 1964336002 302
198075624 1943533292 9333
198075625 1884718606 12366
198075626 3508402058 117
198075627 4214114855 284
198075628 3105938401 343
198075629 2370717069 9102
198075630 2637920423 259
198075631 131794707 15089
198075632 39899384 7671
198075633 3089297582 9508
198075634 1502993366 224
198075635 94179568 335
198075636 1604938294 17390
198075637 2267307610 1927
198075638 2986811526 14830
198075639 1660247122 3034
198075640 215939575 6435
198075641 1752945414 3694
198075642 780312965 157
198075643 2553838293 529
198075644 94179568 335
198075645 223816472 12079
198075646 4052924760 22024
198075647 2659852868 5512
198075648 4159581275 1083
198075649 504872477 895
198075650 2620343626 3421
198075651 980399476 116
198075652 3052749571 16212
198075653 4199319859 193504
198075654 1665034076 266
198075655 3395268920 3177
198075656 1406981831 821
198075657 2430962660 12136
198075658 2402836291 4244
198075659 966234517 9535
198075660 98993188 20590
198075661 1030106315 34601
198075662 515881146 128
198075663 3995399938 1332
198075664 3901422018 144
198075665 276044494 634
198075666 1108407568 8906
198075667 1649864093 5380
198075668 3396818485 6285
198075669 2864296471 2136
198075670 1563022832 11603
198075671 2797049073 1409
198075672 1421272752 322
198075673 2890157902 856
198075674 25342258 455
198075675 94179568 335
198075676 4017726450 9950
198075677 4195148921 14865
198075678 3755955454 367
198075679 4147461605 3123
198075680 3187018194 390
198075681 2778901296 1145
198075682 330950210 1594
198075683 3283173104 118
198075684 3534159763 3525
198075685 130382429 128
198075686 3624975614 21799
198075687 2167575451 14577
198075688 3573371684 603
198075689 896157348 6639
198075690 1167346225 9375
198075691 573096950 9265
198075692 2030840301 276
198075693 330950210 1594
198075694 1171149601 114497
198075695 1602842989 12189
198075696 1940335007 281
198075697 1939323245 12796
198075698 1399188318 17016
198075699 653372324 266
198075700 3353230967 381
198075701 4247851370 22178
198075702 4244517008 3215
198075703 1668132251 860
198075704 1729166618 4057
198075705 1009029256 229
198075706 932225254 5782
198075707 2583293403 31213
198075708 2808293677 528
198075709 3229319567 9363
198075710 1802821215 200
198075711 2517588789 8581
198075712 1966687842 161
198075713 312812618 27039
198075714 334645172 122
198075715 3759230842 58001
198075716 2536874157 7228
198075717 661353475 6396
198075718 2289926442 42745
198075719 2354688640 14038
198075720 4246355609 2388
198075721 2762092620 614
198075722 94179568 335
198075723 1479040754 13173
198075724 2030840301 276
198075725 330950210 1594
198075726 2286235209 63783
198075727 2506397641 595
198075728 330950210 1594
198075729 3589220091 6906
198075730 3996860236 9829
198075731 377210049 585
198075732 1586737141 44807
198075733 799425528 1863
198075734 747535326 4887
198075735 1341467960 12399
198075736 391315452 1075
198075737 664289484 6185
198075738 2672420067 14339
198075739 2797049073 1409
198075740 1243234393 8165
198075741 1811062851 3330
198075742 645833590 1567
198075743 3755955454 367
198075744 1665034076 266
198075745 2620343626 3421
198075746 439291861 24411
198075747 3586233045 477
198075748 2267307610 1927
198075749 40110510 269
198075750 829361850 1908
198075751 3039987626 1733
198075752 1466958295 2877
198075753 3755955454 367
198075754 2890157902 856
198075755 3229319567 9363
198075756 1862490777 8508
198075757 2509505947 250
198075758 638399375 226
198075759 4127742696 9637
198075760 2507401476 43854
198075761 1691444059 6984
198075762 1389876424 40897
198075763 742216514 8304
198075764 1052301210 15923
198075765 3789603905 61365
198075766 3715084330 37355
198075767 4170959747 1929
198075768 2982689818 35550
198075769 1929600621 1833
198075770 4248715673 222
198075771 4012776838 807
198075772 3893719459 6948
198075773 330950210 1594
198075774 504872477 895
198075775 94179568 335
198075776 3376557823 229
198075777 1554111310 13753
198075778 330950210 1594
198075779 3124001438 65626
198075780 3199456259 114
198075781 2966867634 933
198075782 2782187676 21783
198075783 2267307610 1927
198075784 543073971 352
198075785 2585943537 166
198075786 4045567547 1709
198075787 1419355081 436
198075788 2654768932 2202
198075789 1852371905 11069
198075790 2197941800 190
198075791 2473152654 628
198075792 19396835 12851
198075793 2534579053 398633
198075794 1789262623 4469
198075795 3713215790 11790
198075796 3304185906 1685
198075797 3312918902 91456
198075798 4080350964 10512
198075799 3163493554 29104
198075800 3390156513 380
198075801 293020905 106
198075802 94179568 335
198075803 2668359469 10539
198075804 3753770581 14741
198075805 4140242086 896
198075806 3902392832 14066
198075807 571538812 10577
198075808 332938884 6488
198075809 3973477883 14899
198075810 2694394470 881
198075811 62746261 960
198075812 2321412270 410
198075813 94179568 335
198075814 1861874871 135
198075815 890868413 16220
198075816 3320330882 5493
198075817 338451136 1848
198075818 907968464 368
198075819 653446696 6432
198075820 3716705628 12678
198075821 996590674 560
198075822 2808293677 528
198075823 2182608755 11967
198075824 793402104 30932
198075825 2697176028 11972
198075826 3207143319 10411
198075827 2239557498 73638
198075828 4011129563 11200
198075829 1281608807 3142
198075830 820258168 1410
198075831 515881146 128
198075832 3199456259 114
198075833 4116373884 457
198075834 2207575803 1081
198075835 4010871158 4988
198075836 2802766676 20228
198075837 3407090248 10717
198075838 2321412270 410
198075839 4196955379 66741
198075840 428454458 9233
198075841 1455691389 30390
198075842 4159883094 16044
198075843 2267307610 1927
198075844 1150513101 10357
198075845 2515462039 31491
198075846 2401787933 25736
198075847 1852302236 1442
198075848 4230908675 25868
198075849 330950210 1594
198075850 2611161606 11288
198075851 1833752730 695
198075852 744936996 358
198075853 962039970 1634
198075854 1096249803 1416
198075855 3291066950 375
198075856 988393115 894
198075857 1977334691 980
198075858 1180727719 228
198075859 474165504 2784
198075860 2620343626 3421
198075861 391315452 1075
198075862 2929080874 19619
198075863 265992366 360
198075864 3670663202 723
198075865 2030840301 276
198075866 2719094831 7991
198075867 94179568 335